           1           8          11          12          17
           1           7
           2           7          13          15
           2           5
           3           6           9          10
           3           8
           4           5          18          21          23
           4           6
           2           5
           4           5          18          21          23
           4           6
           3           6           9          10
           1           7
           2           7          13          15
           3           8
           1           8          11          12          17
           3           6           9          10
           9          10          11          16          17          19          20
           9          10          11          16          17          19          20
           3           6           9          10
           9          10          11          16          17          19          20
           1           8          11          12          17
           1           8          11          12          17
          12          13          14          15          16          17
           2           7          13          15
          12          13          14          15          16          17
          12          13          14          15          16          17
          14          16          20          22          24
          12          13          14          15          16          17
           2           7          13          15
          14          16          20          22          24
           9          10          11          16          17          19          20
           9          10          11          16          17          19          20
           1           8          11          12          17
           4           5          18          21          23
          18          19          20          23          24
           9          10          11          16          17          19          20
          18          19          20          23          24
          14          16          20          22          24
           9          10          11          16          17          19          20
          21          22          23          24
           4           5          18          21          23
          21          22          23          24
          14          16          20          22          24
           4           5          18          21          23
          18          19          20          23          24
          14          16          20          22          24
          21          22          23          24
